777 0 5 336 3 10 10 10 
1 256 1 0 2
 -9.437145e-01 -1.150276e-01 -8.470664e-01 1.083868e-01 4.775962e-01 -5.956665e-01 -5.618758e-01 -8.546228e-01 8.864773e-01 -1.000000e+00

1 255 2 0 3
 -8.372618e-01 -1.797638e-01 -8.876459e-01 -1.715926e-02 4.391178e-01 -4.293014e-01 -5.897540e-01 -8.633783e-01 8.139484e-01 1.000000e+00

1 254 3 0 4
 -8.433189e-01 1.391767e-02 1.450840e-01 -9.145830e-01 4.487981e-01 1.430273e-01 -2.785929e-01 -3.881815e-01 -7.870937e-01 -1.000000e+00

1 253 4 0 5
 -7.609406e-01 5.673389e-01 -6.331294e-01 -7.209259e-01 7.044254e-01 1.982309e-01 -4.205415e-01 2.388239e-01 -6.859799e-01 -1.000000e+00

1 252 5 0 6
 -7.780131e-01 -4.174187e-01 8.939012e-01 1.666899e-01 3.751396e-01 -1.655527e-01 -2.819459e-01 -6.277156e-01 -6.452684e-01 -1.000000e+00

1 251 6 0 7
 -9.157135e-01 1.959621e-01 9.197041e-01 -1.300595e-01 3.531618e-02 8.248865e-02 -2.829358e-01 -5.891176e-01 4.153905e-01 -1.000000e+00

1 250 7 0 8
 -8.703632e-01 1.344567e-02 8.681418e-01 1.547854e-01 -7.162160e-01 -2.714878e-01 -4.190518e-01 -7.151975e-01 -6.516012e-01 -1.000000e+00

1 249 8 0 9
 -9.289363e-01 -1.694739e-01 -8.616769e-01 -1.756067e-02 7.863593e-01 7.546694e-02 -3.195159e-01 -1.240911e-01 4.554888e-01 -1.000000e+00

1 248 9 0 10
 -8.955301e-01 4.661736e-02 -9.200533e-01 -1.419879e-01 -8.168765e-01 8.183854e-02 -3.090904e-01 -5.902078e-01 5.022756e-02 -1.000000e+00

1 247 10 0 11
 -9.651134e-01 1.545477e-01 -5.888298e-01 6.538343e-01 -5.365065e-01 3.227419e-01 -2.620717e-01 2.984444e-01 7.740435e-01 -1.000000e+00

1 246 11 0 12
 -7.795144e-01 -5.634535e-01 -7.140369e-01 -6.491053e-01 7.380481e-01 -1.525053e-01 -3.788508e-01 -1.984061e-01 -3.772208e-01 1.000000e+00

1 245 12 0 13
 -1.150016e-01 -9.451653e-01 -4.599617e-01 -8.441899e-01 6.844029e-01 2.336544e-01 -5.742203e-01 -4.545888e-01 -1.608240e-01 1.000000e+00

1 244 13 0 14
 2.641258e-01 -8.843922e-01 -8.900974e-01 -2.963724e-01 -7.617007e-01 -1.958519e-01 -6.524996e-01 -4.783572e-01 -7.867671e-01 1.000000e+00

1 243 14 0 15
 1.349928e-01 9.113019e-01 -3.776191e-01 -7.835247e-01 7.641119e-01 -1.974387e-01 -6.075422e-01 -8.328561e-01 7.309973e-01 1.000000e+00

1 242 15 0 16
 -3.273984e-01 9.103250e-01 9.138041e-01 -3.172383e-01 -1.295076e-01 -2.128714e-01 -5.868878e-01 -4.346123e-01 6.977873e-01 -1.000000e+00

1 241 16 0 17
 -6.670008e-01 -6.891748e-01 -4.396430e-02 9.629105e-01 9.278785e-02 -8.575709e-02 -3.520114e-01 4.963679e-01 9.668408e-02 1.000000e+00

1 240 17 0 18
 -6.049314e-01 -7.395856e-01 -3.493467e-01 -9.035036e-01 5.141956e-01 6.832029e-02 -3.881561e-01 1.037017e-01 -8.544803e-02 -1.000000e+00

1 239 18 0 19
 -7.603782e-01 5.748937e-01 -8.392102e-01 -4.397253e-01 -1.035773e-01 -1.885558e-01 -3.855357e-01 4.336758e-03 -3.889346e-01 -1.000000e+00

1 238 19 0 20
 -8.948127e-01 3.805005e-02 -9.028435e-01 1.764621e-01 -5.950276e-01 -4.594581e-01 -5.650103e-01 -7.091132e-01 -8.025860e-01 1.000000e+00

1 237 20 0 21
 -2.718804e-01 -9.066908e-01 -7.779042e-01 5.789902e-01 -6.201250e-01 -1.127933e-01 -5.728812e-01 -4.743704e-01 -8.089894e-01 1.000000e+00

1 236 21 0 22
 2.639824e-01 8.862094e-01 -7.765528e-01 5.594858e-01 -3.675904e-01 -8.685731e-02 -6.433523e-01 -5.471665e-01 -6.271504e-01 1.000000e+00

1 235 22 0 23
 -5.992102e-01 -7.263413e-01 -1.585988e-01 -8.755395e-01 -3.293580e-01 -1.787691e-02 -3.903891e-01 1.415312e-01 1.304751e-02 1.000000e+00

1 234 23 0 24
 -4.113916e-01 -8.506327e-01 -5.435175e-01 8.056329e-01 -3.488570e-02 4.169552e-02 -4.843323e-01 -1.478641e-01 -2.693047e-01 1.000000e+00

1 233 24 0 25
 -1.287951e-01 -8.670998e-01 -5.355297e-01 7.238815e-01 4.932948e-01 -1.998557e-01 -4.943011e-01 -7.659650e-01 7.503068e-01 1.000000e+00

1 232 25 0 26
 9.234677e-01 1.961556e-01 7.976447e-01 -5.529144e-01 7.555988e-01 -3.058992e-01 -8.558851e-01 -9.632834e-01 8.556384e-01 1.000000e+00

1 231 26 0 27
 -3.709736e-01 -8.760637e-01 6.401284e-01 7.278306e-01 7.804168e-01 3.985661e-02 -4.820607e-01 1.007539e-01 6.853134e-01 1.000000e+00

1 230 27 0 28
 6.058813e-01 -7.301027e-01 -5.410852e-01 8.149878e-01 4.058688e-01 2.610834e-01 -7.452002e-01 -6.114886e-01 -2.829840e-01 1.000000e+00

1 229 28 0 29
 9.475529e-01 -1.362062e-01 6.048706e-01 -7.631196e-01 5.451604e-01 2.424106e-01 -8.608046e-01 -9.750243e-01 5.090389e-01 1.000000e+00

1 228 29 0 30
 -8.739073e-01 -2.033255e-01 -5.352237e-02 9.297202e-01 5.092204e-01 9.356877e-02 -3.267120e-01 -4.976114e-01 -7.506890e-01 -1.000000e+00

1 227 30 0 31
 -9.333616e-01 -1.669158e-01 -5.929962e-01 -7.755513e-01 5.829329e-01 2.071974e-01 -4.925310e-01 -8.731511e-01 -4.672460e-01 -1.000000e+00

1 226 31 0 32
 1.830279e-01 9.334943e-01 8.152279e-02 9.706447e-01 2.973538e-01 4.070197e-01 -7.530470e-01 -3.828566e-01 -3.152445e-02 -1.000000e+00

1 225 32 0 33
 3.106530e-02 9.528868e-01 -7.635546e-01 -6.045652e-01 -1.297748e-01 1.862680e-03 -5.805240e-01 -4.305699e-01 -5.214903e-01 -1.000000e+00

1 224 33 0 34
 -7.309631e-01 -6.091693e-01 8.119065e-01 -4.929688e-01 5.963758e-01 3.204700e-01 -6.107585e-01 -7.261543e-01 4.901629e-01 -1.000000e+00

1 223 34 0 35
 -9.708459e-01 1.072614e-01 4.392275e-01 -8.647380e-01 -7.756819e-01 5.361057e-01 -5.409088e-01 -8.136520e-01 3.832775e-01 -1.000000e+00

1 222 35 0 36
 -9.495386e-01 -2.051800e-01 -6.560107e-01 -7.230550e-01 -6.991089e-01 2.709440e-01 -4.482122e-01 -7.660775e-01 -6.474225e-01 -1.000000e+00

1 221 36 0 37
 -7.350001e-01 -5.549722e-01 -3.188397e-01 8.709803e-01 3.227343e-02 -1.502447e-01 -3.304481e-01 3.539413e-01 -2.423094e-02 -1.000000e+00

1 220 37 0 38
 9.129195e-01 2.479923e-01 -7.450087e-01 6.158124e-01 4.976816e-01 -2.341828e-01 -8.289579e-01 -9.367225e-01 -8.397112e-01 1.000000e+00

1 219 38 0 39
 -9.039021e-01 -3.237681e-02 2.956585e-01 8.892617e-01 7.067256e-01 4.179878e-01 -5.620056e-01 -7.861615e-01 2.738836e-01 1.000000e+00

1 218 39 0 40
 -2.175896e-01 -8.877636e-01 -9.155594e-01 -1.131256e-01 5.980677e-01 -3.714311e-01 -6.636890e-01 -7.384276e-01 -7.874950e-01 1.000000e+00

1 217 40 0 41
 7.075658e-01 5.949509e-01 3.982475e-01 -8.633666e-01 -2.329219e-01 2.944743e-01 -8.123375e-01 -7.076908e-01 4.026791e-01 1.000000e+00

1 216 41 0 42
 -5.790040e-01 -7.573845e-01 6.974234e-01 6.620168e-01 -1.064146e-01 -1.441931e-01 -4.639537e-01 2.241762e-01 5.172163e-01 1.000000e+00

1 215 42 0 43
 -5.191827e-01 8.235782e-01 4.579470e-01 -8.652283e-01 -6.746460e-01 2.795222e-01 -5.840034e-01 -2.554499e-01 6.798367e-01 -1.000000e+00

1 214 43 0 44
 -8.267621e-01 -4.671428e-01 2.774459e-01 9.311863e-01 -5.343814e-01 2.868190e-01 -5.548251e-01 -8.175645e-01 3.884105e-01 -1.000000e+00

1 213 44 0 45
 -6.514448e-01 6.827385e-01 -8.827345e-01 3.376151e-01 7.547528e-01 4.506763e-02 -3.469993e-01 4.441291e-01 -8.883960e-01 -1.000000e+00

1 212 45 0 46
 -5.271790e-01 8.067628e-01 6.559073e-01 -7.126847e-01 -6.440507e-02 -3.659799e-02 -4.223429e-01 2.915488e-01 5.425131e-01 -1.000000e+00

1 211 46 0 47
 -2.326891e-02 -9.346552e-01 6.043953e-01 6.947201e-01 -4.965217e-01 2.525400e-02 -5.059998e-01 -5.709689e-01 -1.457823e-01 -1.000000e+00

1 210 47 0 48
 1.499570e-01 -9.486933e-01 2.878747e-01 9.201377e-01 5.918882e-01 2.667962e-01 -6.932169e-01 -3.294701e-01 4.527531e-01 1.000000e+00

1 209 48 0 49
 -7.094817e-01 6.385142e-01 -5.052419e-01 7.995113e-01 6.636871e-01 1.344545e-01 -4.619968e-01 -2.255563e-01 -7.362876e-01 -1.000000e+00

1 208 49 0 50
 -9.277876e-01 3.204260e-01 2.110110e-01 -9.405289e-01 -7.542278e-01 4.918685e-01 -4.948386e-01 -1.957537e-01 5.128021e-01 -1.000000e+00

1 207 50 0 51
 9.887618e-01 -4.280579e-02 2.230946e-01 -9.670100e-01 7.550497e-01 6.810482e-01 -9.801469e-01 -9.929530e-01 1.766803e-01 1.000000e+00

1 206 51 0 52
 9.822149e-01 -1.392460e-02 -4.759792e-01 8.664992e-01 -1.924601e-01 3.025543e-01 -8.853644e-01 -9.749839e-01 -4.646286e-01 1.000000e+00

1 205 52 0 53
 -2.116562e-01 -9.010084e-01 -9.322757e-01 4.464701e-02 1.010998e-01 -2.903578e-01 -6.086562e-01 -5.129822e-01 -8.109042e-01 -1.000000e+00

1 204 53 0 54
 -8.954340e-01 -3.261100e-01 -2.341353e-01 9.495641e-01 -7.553272e-01 5.888345e-01 -6.215891e-01 -7.786871e-01 -3.869825e-01 1.000000e+00

1 203 54 0 55
 9.486038e-01 -1.432441e-03 8.772276e-01 -1.848247e-01 -4.715578e-01 -3.329655e-01 -8.617016e-01 -9.452413e-01 8.589547e-01 1.000000e+00

1 202 55 0 56
 -7.513599e-01 -5.916026e-01 9.176499e-01 -3.159239e-02 8.065797e-01 1.622159e-01 -3.513284e-01 4.949348e-01 9.491274e-01 1.000000e+00

1 201 56 0 57
 4.102885e-01 -8.378088e-01 -7.189929e-02 9.606765e-01 -4.650609e-01 4.969984e-01 -7.833284e-01 -6.663557e-01 -3.694459e-02 1.000000e+00

1 200 57 0 58
 9.945145e-01 2.128811e-02 -1.327073e-01 -9.799318e-01 8.500520e-01 7.771161e-01 -9.876907e-01 -9.960052e-01 -1.103138e-01 1.000000e+00

1 199 58 0 59
 7.469862e-01 -6.304277e-01 6.485529e-02 9.764427e-01 4.935898e-01 4.814461e-01 -8.450963e-01 -6.933451e-01 2.898237e-01 1.000000e+00

1 198 59 0 60
 8.799781e-02 -9.789640e-01 -4.058086e-01 -8.969034e-01 3.968357e-01 2.153454e-01 -6.536458e-01 -1.258982e-01 -2.858445e-01 -1.000000e+00

1 197 60 0 61
 -4.572071e-01 8.541091e-01 -1.594559e-01 -9.550664e-01 1.479884e-01 5.789633e-02 -4.312428e-01 3.208353e-01 -6.350689e-02 -1.000000e+00

1 196 61 0 62
 -6.369089e-01 -7.175460e-01 4.185438e-01 -8.849609e-01 4.991188e-01 3.094035e-01 -5.482188e-01 -1.168477e-01 6.618761e-01 -1.000000e+00

1 195 62 0 63
 -3.629730e-01 -9.146195e-01 3.036658e-01 -9.340848e-01 6.401374e-01 1.068855e-01 -4.863186e-01 2.991297e-01 3.478152e-01 -1.000000e+00

1 194 63 0 64
 4.426000e-01 8.430561e-01 -2.553432e-01 -9.260373e-01 4.194004e-01 3.516310e-01 -7.813944e-01 -4.853962e-01 -3.292206e-01 1.000000e+00

1 193 64 0 65
 1.524730e-01 -9.596992e-01 6.509957e-01 -7.240298e-01 -1.504256e-01 1.853297e-02 -6.140353e-01 -2.366410e-01 6.710885e-01 -1.000000e+00

1 192 65 0 66
 -3.828846e-01 8.895185e-01 1.604555e-01 -9.523715e-01 -7.518628e-01 9.472828e-02 -4.757988e-01 2.875248e-01 2.695417e-01 -1.000000e+00

1 191 66 0 67
 1.291561e-01 9.686043e-01 -4.671362e-01 -8.644927e-01 5.949521e-01 1.809625e-01 -6.572095e-01 -1.249525e-01 -4.387776e-01 -1.000000e+00

1 190 67 0 68
 -7.046694e-01 -5.896972e-01 -6.332062e-01 7.098514e-01 -7.597179e-01 1.294644e-01 -3.910896e-01 2.327603e-01 -6.964006e-01 -1.000000e+00

1 189 68 0 69
 5.551745e-02 9.670538e-01 -8.933099e-01 3.784163e-01 8.032037e-01 -2.628169e-01 -6.875165e-01 -2.814503e-01 -9.334049e-01 -1.000000e+00

1 188 69 0 70
 1.222141e-01 9.638517e-01 -4.699012e-01 8.515804e-01 6.341078e-01 1.071072e-01 -6.210755e-01 -2.460345e-01 -6.306468e-01 -1.000000e+00

1 187 70 0 71
 5.545396e-02 9.856014e-01 6.614922e-01 -7.342100e-01 -7.354784e-01 3.703273e-02 -5.620035e-01 -6.337228e-02 7.103829e-01 -1.000000e+00

1 186 71 0 72
 -5.634073e-01 -7.841353e-01 6.494648e-01 7.045006e-01 1.924494e-02 7.193318e-02 -4.522731e-01 1.223676e-01 7.388737e-01 -1.000000e+00

1 185 72 0 73
 -6.591581e-01 -7.122627e-01 8.072873e-01 -5.589615e-01 7.783570e-01 8.691754e-03 -3.973902e-01 4.558534e-01 8.040067e-01 -1.000000e+00

1 184 73 0 74
 3.597052e-01 -8.838106e-01 -7.198271e-01 6.461969e-01 -7.267437e-01 -1.087085e-01 -6.968420e-01 -4.456798e-01 -7.820995e-01 -1.000000e+00

1 183 74 0 75
 6.435190e-01 7.552657e-01 5.874507e-02 -9.869141e-01 -3.828581e-01 5.258816e-01 -8.812039e-01 -5.691787e-01 1.616236e-01 -1.000000e+00

1 182 75 0 76
 7.794616e-01 6.010273e-01 -2.093734e-01 9.666130e-01 2.424667e-01 5.397865e-01 -9.228235e-01 -7.250501e-01 -2.105507e-01 -1.000000e+00

1 181 76 0 77
 1.180542e-01 9.715127e-01 2.293663e-01 -9.526754e-01 2.328121e-01 3.029678e-01 -7.245721e-01 -1.193452e-01 1.721764e-01 -1.000000e+00

1 180 77 0 78
 1.763226e-01 9.642616e-01 -2.136395e-01 -9.584621e-01 -3.874755e-01 3.534992e-01 -7.427211e-01 -1.957691e-01 -5.799674e-02 -1.000000e+00

1 179 78 0 79
 7.724102e-01 -6.056869e-01 7.442977e-01 -6.401619e-01 -1.466442e-01 -4.407675e-02 -7.463946e-01 -7.164491e-01 7.337685e-01 -1.000000e+00

1 178 79 0 80
 -8.544493e-01 4.340854e-01 6.589038e-01 7.186427e-01 -7.172812e-01 3.465030e-01 -4.221704e-01 -7.675305e-03 8.353938e-01 -1.000000e+00

1 177 80 0 81
 8.341208e-02 -9.831316e-01 1.078809e-01 -9.798396e-01 5.568466e-01 3.200224e-01 -7.169436e-01 -6.263832e-02 1.867397e-01 -1.000000e+00

1 176 81 0 82
 -8.373736e-01 -4.707923e-01 -2.037719e-01 -9.405069e-01 -8.030499e-01 4.306702e-01 -5.119429e-01 -4.574179e-02 -5.459363e-01 -1.000000e+00

1 175 82 0 83
 2.304457e-01 -9.097537e-01 -7.186650e-02 9.659999e-01 -4.084630e-01 5.048531e-01 -7.726697e-01 -6.477651e-01 -7.659917e-03 -1.000000e+00

1 174 83 0 84
 -9.867817e-01 1.576648e-02 4.204310e-02 -9.909443e-01 -7.056341e-01 8.021493e-01 -6.619920e-01 -9.527060e-01 3.740735e-02 -1.000000e+00

1 173 84 0 85
 -2.673621e-01 9.408515e-01 -9.062272e-01 -3.356998e-01 7.997718e-01 -1.414607e-01 -5.268767e-01 6.514420e-02 -8.933858e-01 -1.000000e+00

1 172 85 0 86
 -3.875765e-01 -8.930681e-01 -3.795632e-01 -8.891993e-01 -6.854215e-01 3.392441e-01 -6.500539e-01 -5.413563e-01 -5.622027e-01 -1.000000e+00

1 171 86 0 87
 -9.345469e-01 1.130374e-01 4.268499e-02 9.524382e-01 6.115378e-01 5.666971e-01 -5.934992e-01 -8.591291e-01 1.211918e-01 -1.000000e+00

1 170 87 0 88
 5.281195e-01 -8.263050e-01 -7.143467e-01 -6.810225e-01 2.142707e-01 4.601656e-02 -6.873417e-01 -4.990031e-01 -6.114475e-01 -1.000000e+00

1 169 88 0 89
 8.688225e-01 -4.530381e-01 -8.915808e-01 -4.205575e-01 6.253811e-02 -2.299270e-01 -8.287386e-01 -8.529062e-01 -8.360431e-01 -1.000000e+00

1 168 89 0 90
 8.236795e-01 5.383794e-01 1.272083e-01 9.827850e-01 -8.464763e-02 6.104023e-01 -9.400842e-01 -7.761416e-01 1.535676e-01 -1.000000e+00

1 167 90 0 91
 -7.103220e-01 6.637517e-01 -1.013824e-02 -9.783425e-01 -6.313177e-01 6.295729e-01 -7.237045e-01 -8.187915e-01 1.148176e-01 -1.000000e+00

1 166 91 0 92
 8.913884e-01 -3.665784e-01 -3.588089e-01 9.093581e-01 -3.401090e-01 3.521079e-01 -8.619709e-01 -8.780391e-01 -4.134084e-01 -1.000000e+00

1 165 92 0 93
 -9.096519e-01 -1.645669e-01 -8.781599e-01 3.003962e-01 -6.155341e-01 -4.260533e-01 -5.002064e-01 -7.102639e-01 -8.893306e-01 -1.000000e+00

1 164 93 0 94
 -7.387276e-01 5.976699e-01 5.349689e-01 7.606775e-01 1.754638e-01 -2.358075e-01 -3.995172e-01 3.606589e-01 3.761657e-01 -1.000000e+00

1 163 94 0 95
 -3.787644e-01 8.992678e-01 8.681647e-01 4.520577e-01 -7.648374e-01 -9.724905e-02 -4.831529e-01 1.836579e-01 8.698357e-01 -1.000000e+00

1 162 95 0 96
 -7.766665e-04 -9.834476e-01 6.857432e-01 -7.076651e-01 7.375599e-01 2.005929e-02 -5.627670e-01 -1.644137e-02 6.899422e-01 -1.000000e+00

1 161 96 0 97
 8.839350e-02 -9.734058e-01 6.166572e-02 -9.789811e-01 -4.280178e-01 3.210056e-01 -7.177193e-01 -4.250520e-02 2.729913e-02 -1.000000e+00

1 160 97 0 98
 3.650870e-01 9.149477e-01 3.435874e-01 -9.284452e-01 -5.745338e-01 2.836533e-01 -7.541137e-01 -3.305226e-01 4.490445e-01 -1.000000e+00

1 159 98 0 99
 3.288220e-01 9.261540e-01 -8.774546e-01 -4.411951e-01 7.991876e-01 -2.006012e-01 -7.050211e-01 -3.567079e-01 -8.635207e-01 -1.000000e+00

1 158 99 0 100
 9.828123e-01 4.053711e-02 -7.398131e-01 -6.607627e-01 2.079591e-02 -1.246205e-02 -7.877229e-01 -9.687533e-01 -7.073216e-01 -1.000000e+00

1 157 100 0 101
 -8.942269e-01 -3.620119e-01 8.372651e-02 -9.670465e-01 5.504215e-01 6.293797e-01 -7.012143e-01 -8.109449e-01 1.780893e-01 -1.000000e+00

1 156 101 0 102
 -3.066176e-01 -9.246701e-01 9.638655e-01 -1.576392e-01 8.258345e-01 -2.074761e-01 -5.642605e-01 1.084683e-01 9.300572e-01 -1.000000e+00

1 155 102 0 103
 -8.665203e-01 4.336316e-01 7.179011e-01 -6.489212e-01 -8.353732e-01 3.485801e-01 -4.047945e-01 5.633076e-01 8.316965e-01 -1.000000e+00

1 154 103 0 104
 -4.567231e-01 -8.468840e-01 8.960037e-01 -3.288619e-01 1.234132e-02 -9.430856e-02 -4.650525e-01 2.455820e-01 8.844468e-01 -1.000000e+00

1 153 104 0 105
 5.411460e-01 8.233735e-01 -9.551338e-01 1.761658e-01 8.347671e-01 -4.477776e-01 -8.622506e-01 -5.832295e-01 -9.617206e-01 -1.000000e+00

1 152 105 0 106
 1.016170e-01 9.580375e-01 8.179637e-01 5.381460e-01 3.927321e-02 -1.297777e-01 -6.297277e-01 -2.472210e-01 8.070237e-01 -1.000000e+00

1 151 106 0 107
 8.686450e-02 -9.671044e-01 7.655765e-01 5.884981e-01 -1.563328e-01 -9.698920e-02 -6.123710e-01 -3.066590e-01 8.196186e-01 -1.000000e+00

1 150 107 0 108
 4.904607e-01 -8.587874e-01 -2.236957e-01 -9.610904e-01 3.812726e-01 4.516412e-01 -8.340473e-01 -4.478369e-01 -1.046655e-01 -1.000000e+00

1 149 108 0 109
 -1.666108e-01 9.637722e-01 9.570346e-01 -1.497571e-01 -6.577802e-02 -2.032539e-01 -6.015186e-01 1.172179e-01 9.677852e-01 -1.000000e+00

1 148 109 0 110
 -2.570353e-02 9.573291e-01 -4.174462e-01 8.380899e-01 -3.256083e-01 1.442787e-01 -6.050173e-01 -5.619383e-02 -3.340999e-01 -1.000000e+00

1 147 110 0 111
 -8.674566e-01 3.588355e-01 9.470576e-01 1.461045e-01 1.303572e-01 -6.124348e-01 -6.473206e-01 -7.628998e-01 9.282277e-01 -1.000000e+00

1 146 111 0 112
 1.283170e-01 -9.590930e-01 -9.505137e-01 -1.718771e-01 -8.778463e-01 -2.713411e-01 -6.917305e-01 -1.640075e-01 -9.275434e-01 -1.000000e+00

1 145 112 0 113
 -9.281510e-01 1.308707e-01 -9.463073e-01 -1.302645e-01 2.959873e-01 -4.268834e-01 -5.436751e-01 -7.912311e-01 -8.493791e-01 -1.000000e+00

1 144 113 0 114
 2.139132e-01 -9.315974e-01 3.723869e-01 9.064106e-01 5.178888e-01 2.754477e-01 -7.123443e-01 -4.346693e-01 5.434546e-01 -1.000000e+00

1 143 114 0 115
 7.558076e-01 6.388766e-01 -8.318515e-01 -5.369453e-01 7.282487e-01 -1.745282e-01 -7.869548e-01 -7.222189e-01 -8.234491e-01 -1.000000e+00

1 142 115 0 116
 -8.855107e-01 -4.057451e-01 3.690531e-01 -8.771843e-01 6.782958e-01 -3.355596e-01 -3.601209e-01 7.629505e-01 3.344317e-01 -1.000000e+00

1 141 116 0 117
 4.961438e-01 -8.506974e-01 8.025408e-01 -5.711315e-01 7.347974e-01 -1.046456e-01 -6.903266e-01 -4.422635e-01 7.907299e-01 -1.000000e+00

1 140 117 0 118
 4.711988e-01 8.489007e-01 9.680271e-01 -5.297711e-02 1.959368e-01 -4.708893e-01 -8.092027e-01 -6.084005e-01 9.367304e-01 -1.000000e+00

1 139 118 0 119
 1.247705e-01 9.580866e-01 2.805786e-02 -9.810517e-01 -6.187969e-01 6.542141e-01 -7.847493e-01 -8.218511e-01 1.458990e-01 -1.000000e+00

1 138 119 0 120
 -8.972932e-01 -3.298857e-01 -3.327429e-01 9.143065e-01 -6.752505e-01 5.505175e-01 -5.617862e-01 -6.615233e-01 -4.010193e-01 -1.000000e+00

1 137 120 0 121
 -7.200585e-01 5.887918e-01 4.798992e-01 -7.916593e-01 6.178876e-01 -2.510310e-01 -6.024398e-01 -7.000894e-01 7.615549e-01 -1.000000e+00

1 136 121 0 122
 -8.744972e-01 -3.604817e-01 5.066994e-01 8.177174e-01 6.107743e-01 2.029721e-01 -4.721835e-01 -6.166604e-01 7.130556e-01 -1.000000e+00

1 135 122 0 123
 5.836511e-01 7.879621e-01 4.126638e-01 8.938319e-01 -4.778853e-01 2.515810e-01 -7.722873e-01 -5.594324e-01 5.140242e-01 -1.000000e+00

1 134 123 0 124
 9.741834e-01 -9.384490e-02 3.212339e-02 9.907377e-01 -3.150797e-01 7.698668e-01 -9.718399e-01 -9.729825e-01 4.770590e-02 -1.000000e+00

1 133 124 0 125
 8.332231e-01 -5.308160e-01 -5.094173e-01 -8.457208e-01 2.612162e-01 3.235883e-01 -8.590028e-01 -7.921709e-01 -3.958905e-01 -1.000000e+00

1 132 125 0 126
 8.145906e-01 -5.497143e-01 2.044519e-01 9.642600e-01 3.407000e-01 4.817604e-01 -8.955645e-01 -7.781109e-01 3.026710e-01 -1.000000e+00

1 131 126 0 127
 6.948017e-01 6.982721e-01 -6.164665e-01 7.683666e-01 5.039532e-01 1.104979e-01 -7.569548e-01 -6.476624e-01 -6.134889e-01 -1.000000e+00

1 130 127 0 128
 5.154176e-01 -8.262359e-01 9.716290e-01 3.962067e-02 -1.200034e-01 -4.567697e-01 -7.946720e-01 -6.149517e-01 9.283232e-01 -1.000000e+00

1 129 128 0 129
 -9.764783e-01 -1.468648e-01 6.931046e-01 4.100664e-01 -8.249692e-01 4.372368e-01 -2.836042e-01 4.824499e-01 -8.180203e-01 -1.000000e+00

1 128 129 0 130
 7.787372e-01 -5.760255e-01 5.680879e-01 7.847764e-01 -3.217956e-01 9.417170e-02 -7.383966e-01 -7.840831e-01 6.318203e-01 -1.000000e+00

1 127 130 0 131
 -7.465126e-01 5.939684e-01 -8.550253e-01 -3.928282e-01 6.923957e-01 2.587509e-01 -5.981065e-01 -7.020926e-01 -6.141121e-01 -1.000000e+00

1 126 131 0 132
 -2.611805e-01 -9.328341e-01 7.882209e-01 5.798825e-01 7.152862e-01 -2.696949e-02 -4.918470e-01 -1.788315e-02 8.577934e-01 -1.000000e+00

1 125 132 0 133
 -7.545382e-01 -6.132339e-01 -1.676908e-02 -9.811539e-01 -6.463335e-01 6.534402e-01 -7.262060e-01 -8.146418e-01 -1.619398e-01 -1.000000e+00

1 124 133 0 134
 9.407529e-01 2.791609e-01 -4.769564e-01 8.669586e-01 5.531411e-01 3.768934e-01 -9.103612e-01 -9.297291e-01 -4.121242e-01 -1.000000e+00

1 123 134 0 135
 -3.065745e-01 9.329644e-01 8.937048e-01 -3.929663e-01 -8.094175e-01 -1.015267e-01 -4.942290e-01 2.187851e-01 8.970650e-01 -1.000000e+00

1 122 135 0 136
 6.670423e-01 6.860960e-01 -9.526423e-01 -1.376978e-03 -8.320613e-02 -3.641388e-01 -8.021751e-01 -6.972515e-01 -8.871137e-01 -1.000000e+00

1 121 136 0 137
 6.154871e-01 7.724138e-01 -1.309534e-01 -9.726192e-01 2.744373e-01 5.054557e-01 -8.779071e-01 -5.673452e-01 -1.454657e-01 -1.000000e+00

1 120 137 0 138
 6.699804e-01 7.238845e-01 -5.990529e-01 -7.860663e-01 5.073394e-01 1.516422e-01 -7.486211e-01 -6.405434e-01 -5.779112e-01 -1.000000e+00

1 119 138 0 139
 1.754961e-01 9.672379e-01 9.494439e-01 2.487210e-01 -7.839518e-01 -3.225573e-01 -7.357312e-01 -1.870554e-01 9.458041e-01 -1.000000e+00

1 118 139 0 140
 -9.542906e-02 -9.549816e-01 1.140007e-01 -9.700147e-01 5.084134e-01 5.665093e-01 -7.829345e-01 -7.225053e-01 2.223041e-01 -1.000000e+00

1 117 140 0 141
 7.264673e-01 -6.633374e-01 -9.755471e-01 -9.087240e-02 -8.817637e-01 -4.949549e-01 -8.988752e-01 -6.887161e-01 -9.583887e-01 -1.000000e+00

1 116 141 0 142
 4.570665e-01 -8.731030e-01 3.739604e-01 -9.124160e-01 5.300220e-01 3.009749e-01 -7.746129e-01 -4.599645e-01 4.592848e-01 -1.000000e+00

1 115 142 0 143
 -9.456786e-01 -2.653780e-01 -9.376805e-01 4.765924e-03 -8.454102e-01 4.836246e-01 -3.476343e-01 7.677254e-01 -9.587006e-01 -1.000000e+00

1 114 143 0 144
 1.661123e-01 -9.627925e-01 9.773507e-01 -3.489111e-03 8.587009e-01 -4.016064e-01 -7.453229e-01 -3.095728e-01 9.547910e-01 -1.000000e+00

1 113 144 0 145
 -6.265000e-01 -7.004921e-01 9.606732e-01 1.009287e-01 -1.082721e-01 -5.163613e-01 -6.579965e-01 -6.444857e-01 9.184582e-01 -1.000000e+00

1 112 145 0 146
 7.718192e-01 6.196133e-01 3.981571e-01 -9.092265e-01 -4.508747e-01 3.206459e-01 -8.527977e-01 -7.087360e-01 4.474276e-01 -1.000000e+00

1 111 146 0 147
 -6.403819e-01 7.205745e-01 3.284796e-01 8.999403e-01 -7.659862e-01 -1.277122e-01 -3.860633e-01 5.225762e-01 2.901482e-01 -1.000000e+00

1 110 147 0 148
 4.748760e-01 -8.652482e-01 -3.253420e-01 -9.296030e-01 -5.552849e-01 3.259026e-01 -7.948807e-01 -4.100771e-01 -3.761295e-01 -1.000000e+00

1 109 148 0 149
 3.058530e-01 9.308019e-01 7.355679e-01 -6.543471e-01 6.833436e-02 -3.378551e-02 -6.473662e-01 -3.283156e-01 7.130343e-01 -1.000000e+00

1 108 149 0 150
 -9.751582e-01 2.375924e-02 2.401209e-02 9.845462e-01 -6.361388e-01 7.353692e-01 -6.336952e-01 -9.461643e-01 7.512136e-02 -1.000000e+00

1 107 150 0 151
 5.526250e-01 8.229734e-01 6.638995e-01 -7.350850e-01 -6.566578e-01 2.896457e-02 -6.796066e-01 -4.698333e-01 6.947761e-01 -1.000000e+00

1 106 151 0 152
 5.824217e-01 -7.891421e-01 3.344510e-01 -9.245219e-01 -2.566140e-01 3.778515e-01 -8.286389e-01 -5.323713e-01 2.985778e-01 -1.000000e+00

1 105 152 0 153
 -7.436149e-01 -6.098937e-01 -7.340723e-01 -6.231820e-01 -8.486480e-01 2.109773e-01 -4.034424e-01 4.338508e-01 -8.411736e-01 -1.000000e+00

1 104 153 0 154
 7.542873e-01 6.231522e-01 6.317390e-01 7.511786e-01 1.711937e-01 2.256890e-02 -7.390903e-01 -7.204551e-01 6.894602e-01 -1.000000e+00

1 103 154 0 155
 -9.018886e-01 3.246399e-01 -2.276398e-01 -9.457664e-01 5.935079e-01 6.723802e-01 -7.432663e-01 -9.239394e-01 -1.388727e-01 -1.000000e+00

1 102 155 0 156
 5.647714e-01 -8.068271e-01 -7.926796e-01 -5.883611e-01 -7.597225e-01 -8.421601e-02 -7.040544e-01 -4.918486e-01 -7.588174e-01 -1.000000e+00

1 101 156 0 157
 9.839060e-01 2.464136e-02 7.008666e-02 9.895408e-01 1.776608e-01 7.535425e-01 -9.872751e-01 -9.760655e-01 9.153131e-02 -1.000000e+00

1 100 157 0 158
 7.614334e-01 6.228589e-01 6.063205e-01 -7.679119e-01 2.171213e-01 1.330643e-01 -7.690315e-01 -7.014536e-01 5.695431e-01 -1.000000e+00

1 99 158 0 159
 8.359981e-01 5.300969e-01 -9.772900e-01 -1.050479e-01 8.420259e-01 -5.533726e-01 -9.335418e-01 -8.215539e-01 -9.673763e-01 -1.000000e+00

1 98 159 0 160
 9.042339e-01 -3.943300e-01 9.751173e-01 -3.806978e-03 -1.394062e-02 -5.401192e-01 -9.035149e-01 -8.884771e-01 9.499077e-01 -1.000000e+00

1 97 160 0 161
 -7.329912e-01 -6.424116e-01 9.514549e-01 1.446377e-01 6.565779e-01 1.262742e-01 -3.251102e-01 5.656299e-01 9.669716e-01 -1.000000e+00

1 96 161 0 162
 9.953992e-01 1.099773e-03 9.908466e-01 5.043286e-02 -4.048348e-02 -8.021544e-01 -9.884522e-01 -9.932173e-01 9.904643e-01 -1.000000e+00

1 95 162 0 163
 -6.700148e-01 6.484503e-01 9.606582e-01 1.236914e-01 -8.551360e-01 -4.939519e-01 -6.470438e-01 -5.239100e-01 9.033124e-01 -1.000000e+00

1 94 163 0 164
 9.837800e-01 5.073663e-02 8.997215e-01 -4.182210e-01 -7.076162e-01 -3.541315e-01 -9.146905e-01 -9.760554e-01 8.954799e-01 -1.000000e+00

1 93 164 0 165
 9.840541e-01 8.769551e-03 7.792629e-01 -6.080750e-01 -5.122536e-02 -9.098512e-02 -8.088230e-01 -9.661895e-01 7.590077e-01 -1.000000e+00

1 92 165 0 166
 -7.739643e-01 5.763770e-01 9.670355e-01 3.331035e-02 -7.799253e-01 2.018905e-01 -3.214034e-01 6.617488e-01 9.751874e-01 -1.000000e+00

1 91 166 0 167
 9.400826e-01 2.909639e-01 -6.441740e-01 -7.569137e-01 5.521089e-01 9.449916e-02 -7.955269e-01 -9.228584e-01 -6.354262e-01 -1.000000e+00

1 90 167 0 168
 8.558916e-01 -4.771928e-01 6.552451e-01 7.333086e-01 5.358122e-01 1.673110e-02 -7.689986e-01 -8.154241e-01 6.991611e-01 -1.000000e+00

1 89 168 0 169
 9.419690e-01 -2.756644e-01 -8.763573e-01 -4.597991e-01 -7.812633e-01 -2.420151e-01 -8.642846e-01 -9.255126e-01 -8.437821e-01 -1.000000e+00

1 88 169 0 170
 9.891587e-01 5.709455e-03 -2.946731e-01 -9.514154e-01 -5.191199e-01 5.283472e-01 -9.531350e-01 -9.875870e-01 -2.928035e-01 -1.000000e+00

1 87 170 0 171
 8.331208e-01 -5.269356e-01 3.588214e-02 -9.878488e-01 3.293871e-01 6.590321e-01 -9.308266e-01 -8.303701e-01 1.054990e-01 -1.000000e+00

1 86 171 0 172
 8.477602e-01 5.125524e-01 7.056389e-01 -6.928195e-01 -5.506340e-01 6.267506e-03 -7.528699e-01 -7.974926e-01 6.999880e-01 -1.000000e+00

1 85 172 0 173
 8.844460e-01 4.487399e-01 1.021800e-01 -9.873292e-01 -3.755928e-01 6.452194e-01 -9.414520e-01 -8.582344e-01 1.694632e-01 -1.000000e+00

1 84 173 0 174
 -9.815884e-01 -3.836688e-02 -2.836089e-01 -9.462831e-01 -7.183049e-01 5.674514e-01 -5.883791e-01 -8.915682e-01 -2.980911e-01 -1.000000e+00

1 83 174 0 175
 7.201819e-01 6.654791e-01 -5.199513e-01 -8.353456e-01 -3.353374e-01 2.811700e-01 -8.105491e-01 -6.924806e-01 -3.864442e-01 -1.000000e+00

1 82 175 0 176
 -7.666678e-01 -5.721894e-01 -8.422042e-01 3.034009e-01 -8.563241e-01 1.490301e-01 -3.707408e-01 3.619639e-01 -9.101136e-01 1.000000e+00

1 81 176 0 177
 -4.017187e-01 8.232638e-01 -5.170687e-01 -8.152612e-01 -2.624111e-01 6.188677e-02 -4.860075e-01 -2.030616e-01 -2.869808e-01 1.000000e+00

1 80 177 0 178
 -8.025895e-01 -5.113757e-01 3.822505e-02 -9.401217e-01 7.987764e-01 -3.947018e-02 -3.207818e-01 4.951939e-01 2.500630e-01 1.000000e+00

1 79 178 0 179
 -6.545188e-01 6.934952e-01 4.343692e-01 -8.036921e-01 -3.953454e-01 -1.131959e-01 -3.974576e-01 4.332850e-01 3.994380e-01 1.000000e+00

1 78 179 0 180
 8.455505e-01 -5.103773e-01 4.544923e-01 -8.781143e-01 4.152603e-01 2.718951e-01 -8.376210e-01 -8.167984e-01 5.057819e-01 -1.000000e+00

1 77 180 0 181
 -9.378095e-01 -5.635119e-02 -2.082938e-01 -9.355904e-01 7.411594e-01 5.408660e-01 -5.965077e-01 -8.420782e-01 -1.657812e-01 1.000000e+00

1 76 181 0 182
 4.403595e-01 -8.766490e-01 7.921350e-01 5.848783e-01 7.149251e-01 -1.240506e-01 -6.853298e-01 -4.188976e-01 8.266600e-01 -1.000000e+00

1 75 182 0 183
 9.055635e-01 3.970758e-01 3.867302e-01 9.152291e-01 -3.567235e-01 3.454826e-01 -8.897353e-01 -8.692892e-01 4.393673e-01 -1.000000e+00

1 74 183 0 184
 6.458674e-01 -7.467763e-01 9.781560e-01 2.488885e-02 8.504592e-01 -4.949257e-01 -8.507829e-01 -6.316925e-01 9.564644e-01 -1.000000e+00

1 73 184 0 185
 6.805871e-02 9.688352e-01 5.896545e-01 7.847136e-01 -6.474779e-01 9.027000e-02 -6.000404e-01 -2.216650e-01 6.895931e-01 -1.000000e+00

1 72 185 0 186
 8.155053e-03 -9.770377e-01 -5.528054e-01 -8.099338e-01 -7.301794e-01 8.855026e-02 -5.783593e-01 -5.109614e-03 -5.649295e-01 -1.000000e+00

1 71 186 0 187
 9.931358e-01 8.502707e-03 -5.049623e-01 -8.582652e-01 1.972725e-01 2.777200e-01 -8.971885e-01 -9.873291e-01 -4.896497e-01 -1.000000e+00

1 70 187 0 188
 8.898895e-01 4.381299e-01 -4.051928e-01 -9.073492e-01 2.996734e-01 3.896797e-01 -9.084972e-01 -8.535021e-01 -3.913645e-01 -1.000000e+00

1 69 188 0 189
 8.788902e-01 4.438012e-01 9.711188e-01 7.747887e-02 -1.428462e-05 -5.196041e-01 -8.847329e-01 -8.496312e-01 9.448593e-01 -1.000000e+00

1 68 189 0 190
 6.828708e-01 7.123187e-01 8.019215e-01 5.793523e-01 -6.740623e-01 -1.775596e-01 -7.699964e-01 -5.998949e-01 8.356240e-01 -1.000000e+00

1 67 190 0 191
 1.988473e-01 -9.182728e-01 8.981767e-01 2.626980e-01 -4.500861e-02 -2.382332e-01 -6.804242e-01 -4.313217e-01 7.991381e-01 1.000000e+00

1 66 191 0 192
 9.149824e-01 3.555919e-01 6.457643e-01 7.533932e-01 -4.939897e-01 2.939890e-02 -7.766712e-01 -8.770591e-01 6.866382e-01 -1.000000e+00

1 65 192 0 193
 9.854110e-01 1.900995e-02 5.953186e-01 -7.931713e-01 4.393812e-01 1.260528e-01 -8.268394e-01 -9.771408e-01 6.115246e-01 -1.000000e+00

1 64 193 0 194
 9.005756e-01 -3.856179e-01 8.576332e-01 -4.934754e-01 6.500905e-01 -2.602074e-01 -8.554250e-01 -8.640467e-01 8.568694e-01 -1.000000e+00

1 63 194 0 195
 9.208837e-01 -3.204999e-01 -8.463055e-01 5.005782e-01 -6.890393e-01 -4.256935e-01 -9.116704e-01 -9.255728e-01 -9.231727e-01 -1.000000e+00

1 62 195 0 196
 8.851252e-01 4.469134e-01 -1.092164e-01 -9.863408e-01 -6.328022e-02 6.810641e-01 -9.618635e-01 -8.435245e-01 -8.147748e-02 -1.000000e+00

1 61 196 0 197
 1.068198e-01 -9.590374e-01 3.853872e-02 -9.830519e-01 -6.211391e-01 6.323326e-01 -7.726919e-01 -7.610575e-01 -1.414895e-01 -1.000000e+00

1 60 197 0 198
 -8.977250e-01 2.006023e-01 -8.706697e-01 -3.548498e-01 7.382837e-01 -3.325067e-01 -5.178944e-01 -7.414647e-01 -8.729545e-01 1.000000e+00

1 59 198 0 199
 9.672566e-01 1.536777e-01 9.187818e-01 3.752179e-01 -6.673867e-01 -4.728420e-01 -9.400388e-01 -9.525936e-01 9.367434e-01 -1.000000e+00

1 58 199 0 200
 9.765441e-01 8.666190e-02 -9.075724e-02 -9.740723e-01 1.753192e-01 6.996602e-01 -9.735457e-01 -9.717073e-01 -6.843093e-02 1.000000e+00

1 57 200 0 201
 -7.319310e-01 5.981517e-01 7.158625e-01 6.062430e-01 -7.795665e-01 1.941552e-01 -4.212235e-01 6.286883e-02 8.473718e-01 1.000000e+00

1 56 201 0 202
 9.890530e-01 4.484506e-04 3.524418e-01 9.311464e-01 -1.369936e-01 4.334824e-01 -9.416407e-01 -9.839013e-01 3.683470e-01 -1.000000e+00

1 55 202 0 203
 8.364265e-01 -5.255743e-01 -5.475923e-01 -8.227701e-01 -5.109253e-01 2.014561e-01 -8.083636e-01 -8.027511e-01 -5.539955e-01 -1.000000e+00

1 54 203 0 204
 9.836062e-01 6.677359e-02 3.624652e-01 -9.253091e-01 -6.205834e-01 4.446186e-01 -9.362560e-01 -9.793977e-01 3.567382e-01 -1.000000e+00

1 53 204 0 205
 9.924051e-01 7.570132e-04 -2.702574e-01 -9.594234e-01 -1.392150e-02 5.713758e-01 -9.710981e-01 -9.882277e-01 -2.633004e-01 -1.000000e+00

1 52 205 0 206
 9.832090e-01 -8.185324e-02 9.385344e-01 3.259745e-01 6.760029e-01 -4.763782e-01 -9.441642e-01 -9.750372e-01 9.361134e-01 -1.000000e+00

1 51 206 0 207
 -7.285743e-01 5.999376e-01 -6.956561e-01 4.711687e-01 7.156122e-01 6.022821e-02 -3.835465e-01 3.762249e-01 -7.298922e-01 1.000000e+00

1 50 207 0 208
 9.913638e-01 1.409498e-02 1.964334e-01 -9.778358e-01 -1.848969e-01 6.596591e-01 -9.803122e-01 -9.859760e-01 1.987701e-01 -1.000000e+00

1 49 208 0 209
 7.606500e-03 9.549918e-01 -2.852746e-01 -9.326393e-01 5.801827e-01 5.590165e-01 -8.125155e-01 -8.088422e-01 -2.278188e-01 -1.000000e+00

1 48 209 0 210
 9.824798e-01 9.239548e-02 -9.864352e-01 -7.843273e-02 7.754205e-01 -7.393914e-01 -9.826478e-01 -9.792641e-01 -9.853873e-01 -1.000000e+00

1 47 210 0 211
 9.586399e-01 2.236581e-01 -8.697245e-01 -4.794489e-01 6.051580e-01 -2.822117e-01 -8.826522e-01 -9.459922e-01 -8.665048e-01 -1.000000e+00

1 46 211 0 212
 9.941658e-01 1.547099e-02 -1.791590e-02 -9.969116e-01 -2.585690e-01 8.706139e-01 -9.933705e-01 -9.909672e-01 -1.335671e-02 -1.000000e+00

1 45 212 0 213
 8.256588e-01 -5.382798e-01 -5.305095e-02 -9.858215e-01 -4.125726e-01 6.372161e-01 -9.086205e-01 -8.186173e-01 -1.285418e-01 -1.000000e+00

1 44 213 0 214
 9.907685e-01 3.132586e-03 -5.593374e-01 -8.217850e-01 -4.128302e-01 2.006306e-01 -8.602241e-01 -9.864756e-01 -5.516579e-01 -1.000000e+00

1 43 214 0 215
 -5.254663e-01 7.921431e-01 -3.098534e-01 8.963063e-01 -5.593229e-01 1.359710e-02 -4.264843e-01 1.574627e-01 -1.104708e-01 1.000000e+00

1 42 215 0 216
 9.667060e-01 1.389111e-01 -9.580117e-01 -1.503142e-01 7.433287e-01 -5.088151e-01 -9.231903e-01 -9.630799e-01 -9.329055e-01 1.000000e+00

1 41 216 0 217
 9.808788e-01 2.439799e-02 5.102915e-01 8.402951e-01 -3.785473e-01 2.357058e-01 -8.638816e-01 -9.784170e-01 5.257152e-01 1.000000e+00

1 40 217 0 218
 9.011952e-01 -4.134672e-01 9.868381e-01 2.240829e-02 8.653204e-01 -6.571607e-01 -9.417250e-01 -8.778309e-01 9.808725e-01 -1.000000e+00

1 39 218 0 219
 -8.936096e-01 3.216694e-01 4.236476e-01 8.805377e-01 -6.007059e-01 3.949203e-01 -5.558983e-01 -8.103241e-01 5.407890e-01 -1.000000e+00

1 38 219 0 220
 -8.235238e-01 -3.876195e-01 9.554673e-01 8.214675e-02 -2.828901e-01 -5.527484e-01 -6.262383e-01 -6.407644e-01 8.949596e-01 1.000000e+00

1 37 220 0 221
 2.916496e-01 8.879889e-01 -8.253695e-01 -4.721664e-01 6.183411e-01 -7.950595e-02 -6.378686e-01 -4.754114e-01 -7.386674e-01 1.000000e+00

1 36 221 0 222
 2.709009e-01 8.980496e-01 3.252626e-01 9.005806e-01 -3.994302e-01 3.083510e-01 -6.976568e-01 -5.927207e-01 4.860646e-01 1.000000e+00

1 35 222 0 223
 9.872959e-01 -3.685616e-02 3.978584e-01 9.112225e-01 4.526062e-01 3.788947e-01 -9.265124e-01 -9.828127e-01 4.116672e-01 -1.000000e+00

1 34 223 0 224
 6.002929e-01 7.848812e-01 9.843991e-01 5.814009e-02 -8.579605e-01 -5.071574e-01 -8.671483e-01 -5.462132e-01 9.727535e-01 -1.000000e+00

1 33 224 0 225
 2.115835e-01 -9.322026e-01 9.108995e-01 3.112461e-01 8.191066e-01 -2.125963e-01 -6.717528e-01 -2.956914e-01 8.349622e-01 1.000000e+00

1 32 225 0 226
 -2.869226e-01 8.727932e-01 9.273446e-01 6.301893e-02 -1.867388e-01 -3.197612e-01 -6.350413e-01 -3.064785e-01 8.571868e-01 1.000000e+00

1 31 226 0 227
 -8.922326e-01 -3.073582e-01 9.733110e-01 4.392448e-02 8.769585e-01 -6.572075e-01 -6.423673e-01 -7.454409e-01 9.555987e-01 -1.000000e+00

1 30 227 0 228
 9.114235e-01 3.541650e-01 -8.421034e-01 5.165061e-01 7.210945e-01 -1.646024e-01 -8.258174e-01 -8.966372e-01 -8.020175e-01 -1.000000e+00

1 29 228 0 229
 9.944558e-01 9.170988e-03 -5.307278e-03 -9.965472e-01 1.330357e-01 8.640536e-01 -9.955545e-01 -9.916556e-01 -1.530964e-03 -1.000000e+00

1 28 229 0 230
 3.160037e-01 9.344541e-01 9.201603e-01 -3.614875e-01 -8.179956e-01 -2.619879e-01 -7.380204e-01 -2.503750e-01 9.007868e-01 -1.000000e+00

1 27 230 0 231
 9.645352e-01 7.987179e-02 -7.415349e-01 -6.370967e-01 -1.442213e-01 -4.507194e-02 -8.260475e-01 -9.615775e-01 -7.074370e-01 1.000000e+00

1 26 231 0 232
 6.865025e-01 -6.725352e-01 -7.272156e-01 -6.420838e-01 5.850143e-01 -2.196008e-02 -6.669025e-01 -7.880527e-01 -5.837747e-01 1.000000e+00

1 25 232 0 233
 9.853104e-01 1.757676e-02 4.822647e-01 -8.684202e-01 -1.205279e-01 2.894116e-01 -8.950588e-01 -9.729106e-01 4.797386e-01 -1.000000e+00

1 24 233 0 234
 7.467286e-01 6.492638e-01 9.042977e-01 -4.081503e-01 -7.907460e-01 -3.032640e-01 -8.449249e-01 -6.732153e-01 8.846317e-01 -1.000000e+00

1 23 234 0 235
 9.899742e-01 -6.855079e-03 -2.884603e-01 -9.530530e-01 5.109378e-01 5.464199e-01 -9.620327e-01 -9.887819e-01 -2.781815e-01 -1.000000e+00

1 22 235 0 236
 9.671842e-01 4.129496e-02 5.388895e-01 8.219404e-01 3.264136e-01 1.911386e-01 -8.461940e-01 -9.664162e-01 5.505602e-01 1.000000e+00

1 21 236 0 237
 9.894509e-01 -2.017071e-02 6.263650e-01 7.681493e-01 3.414588e-02 8.830165e-02 -8.232434e-01 -9.815949e-01 6.380377e-01 -1.000000e+00

1 20 237 0 238
 -9.260100e-01 2.081069e-01 1.790964e-01 9.608570e-01 -7.459636e-01 6.576760e-01 -6.392699e-01 -8.973213e-01 2.409974e-01 1.000000e+00

1 19 238 0 239
 9.806857e-01 -3.046945e-02 -9.823804e-01 -8.664020e-02 -9.159812e-02 -6.868235e-01 -9.733160e-01 -9.773902e-01 -9.766751e-01 -1.000000e+00

1 18 239 0 240
 9.171091e-01 3.709657e-01 -9.960841e-02 -9.859702e-01 4.499876e-01 6.998767e-01 -9.617299e-01 -9.150095e-01 -1.216051e-01 -1.000000e+00

1 17 240 0 241
 9.713418e-01 -1.835132e-01 -9.881880e-01 6.354976e-03 -9.022089e-01 -7.351012e-01 -9.823185e-01 -9.662317e-01 -9.867395e-01 -1.000000e+00

1 16 241 0 242
 -4.869585e-01 -7.783558e-01 5.077343e-01 -8.155378e-01 6.377640e-01 2.396613e-01 -5.585135e-01 -3.151326e-01 7.027662e-01 1.000000e+00

1 15 242 0 243
 8.788679e-01 4.599738e-01 9.872553e-01 1.075259e-02 -8.975403e-01 -6.349629e-01 -9.463000e-01 -8.379942e-01 9.804552e-01 -1.000000e+00

1 14 243 0 244
 6.759902e-01 -6.854479e-01 -7.549450e-01 6.209660e-01 -4.583997e-01 -6.108573e-02 -6.877471e-01 -7.674016e-01 -7.041153e-01 1.000000e+00

1 13 244 0 245
 9.803381e-01 -7.665572e-03 -8.687079e-01 4.460290e-01 -5.141932e-01 -3.004859e-01 -8.745174e-01 -9.763977e-01 -8.590799e-01 1.000000e+00

1 12 245 0 246
 9.871100e-01 -2.488604e-02 2.578750e-01 -9.622778e-01 3.143752e-01 5.670743e-01 -9.667932e-01 -9.819992e-01 2.664044e-01 -1.000000e+00

1 11 246 0 247
 9.891391e-01 1.638498e-02 6.744857e-01 -7.279681e-01 -6.505638e-01 2.825603e-02 -8.005010e-01 -9.835729e-01 6.839789e-01 -1.000000e+00

1 10 247 0 248
 9.924510e-01 -2.135128e-03 9.944960e-01 2.983320e-02 8.109488e-01 -8.426937e-01 -9.906604e-01 -9.922557e-01 9.947065e-01 -1.000000e+00

1 9 248 0 249
 1.269923e-01 8.779774e-01 -8.315357e-02 9.109380e-01 5.292855e-01 3.121044e-01 -6.396204e-01 -6.208661e-01 -3.673737e-01 1.000000e+00

1 8 249 0 250
 9.815975e-01 -4.607286e-02 9.688512e-01 1.022859e-01 7.222901e-01 -7.385395e-01 -9.731740e-01 -9.838173e-01 9.786875e-01 1.000000e+00

1 7 250 0 251
 9.935042e-01 -1.407848e-02 8.743907e-04 -9.961135e-01 5.329851e-01 8.636094e-01 -9.935381e-01 -9.936783e-01 1.971673e-03 -1.000000e+00

1 6 251 0 252
 9.921911e-01 3.150369e-02 9.937699e-01 3.392489e-02 -8.780593e-01 -8.307118e-01 -9.917662e-01 -9.895828e-01 9.943962e-01 -1.000000e+00

1 5 252 0 253
 9.856412e-01 -6.915834e-03 7.333347e-03 9.855859e-01 2.383947e-01 7.420873e-01 -9.764708e-01 -9.786213e-01 1.988170e-02 1.000000e+00

1 4 253 0 254
 9.929651e-01 1.999100e-02 4.296204e-02 -9.935529e-01 -6.992979e-01 8.357362e-01 -9.805632e-01 -9.943212e-01 2.980683e-02 -1.000000e+00

1 3 254 0 255
 9.757654e-01 9.689625e-02 -6.515636e-01 -7.324224e-01 6.420183e-01 1.596209e-01 -8.448151e-01 -9.769405e-01 -5.743101e-01 1.000000e+00

1 2 255 0 256
 9.899270e-01 5.949159e-02 3.370325e-02 9.885593e-01 7.069662e-01 7.774113e-01 -9.890289e-01 -9.916849e-01 6.458571e-02 -1.000000e+00

1 1 256 0 0
 9.837229e-01 1.043243e-02 2.460833e-03 9.887064e-01 -3.703000e-01 7.724994e-01 -9.684582e-01 -9.859633e-01 1.243732e-02 1.000000e+00

2 64 1 0 2
 3.756335e-01 1.765963e-01 -1.061034e-01 -3.820416e-01 -1.623171e-01 1.095562e-01 -1.106063e-01 -1.842273e-01 -1.285316e-01 5.475999e-04

2 63 2 0 3
 5.773331e-02 -2.569497e-02 1.642676e-02 -4.969974e-01 -2.594076e-02 2.801586e-02 -1.682433e-02 -2.488171e-02 8.779289e-03 5.528395e-01

2 62 3 0 4
 -4.855111e-02 -3.735804e-01 -1.495302e-01 9.141447e-02 1.766067e-01 8.634926e-02 5.093416e-03 -6.924181e-02 -1.287463e-01 4.569545e-01

2 61 4 0 5
 -3.612053e-01 -5.327525e-02 -2.252811e-01 -3.423938e-01 1.108292e-01 1.822170e-02 9.502979e-02 1.404124e-01 -2.140701e-01 4.413192e-01

2 60 5 0 6
 3.672603e-01 -1.952543e-01 9.981204e-02 1.970083e-01 2.153448e-01 -1.020423e-01 -5.223634e-02 2.816756e-02 1.126413e-01 4.066908e-01

2 59 6 0 7
 -2.133486e-01 3.547271e-03 4.180806e-01 -6.504471e-02 -2.362365e-02 9.375712e-02 7.222300e-02 1.065134e-01 3.906165e-01 5.074132e-01

2 58 7 0 8
 -5.110091e-01 1.157485e-01 8.980682e-02 3.684002e-01 -2.026546e-01 -5.799073e-02 1.138612e-01 1.359371e-01 1.114836e-01 4.066144e-01

2 57 8 0 9
 -3.510107e-01 -2.201896e-01 3.645453e-01 -2.450132e-03 1.366931e-01 -2.241449e-02 8.104114e-02 2.267597e-01 3.512729e-01 -6.992452e-02

2 56 9 0 10
 -1.677924e-01 3.411413e-02 1.853745e-01 5.205483e-01 -7.249904e-02 -9.097794e-02 6.047902e-02 6.335653e-02 1.976293e-01 5.678178e-01

2 55 10 0 11
 1.097278e-01 4.232954e-02 3.277248e-01 3.048510e-01 1.265607e-01 6.766771e-02 -2.892766e-02 -6.070494e-02 3.293183e-01 5.310426e-01

2 54 11 0 12
 1.754380e-01 -3.440735e-02 5.360799e-02 5.587963e-01 7.761724e-02 -2.603929e-02 -3.028384e-02 -4.422188e-02 5.730980e-02 5.906800e-01

2 53 12 0 13
 2.757663e-01 -1.806006e-01 3.163776e-01 -1.991912e-01 -1.825694e-01 1.185701e-01 -8.138961e-02 -2.094995e-01 3.234939e-01 4.981321e-01

2 52 13 0 14
 -3.365498e-01 -1.093840e-01 -2.648288e-02 3.655280e-02 -1.133287e-01 1.243656e-02 7.933399e-02 1.139980e-01 -3.726899e-02 -5.052068e-01

2 51 14 0 15
 -3.444821e-01 -1.048318e-01 -4.364860e-01 -1.683417e-01 8.569110e-03 1.490275e-01 1.092273e-01 1.138140e-01 -3.993964e-01 4.854501e-01

2 50 15 0 16
 3.800604e-01 2.723571e-01 -3.375274e-01 -9.089488e-02 -1.265348e-01 9.991748e-02 -7.240830e-02 -1.592609e-01 -3.315663e-01 4.394515e-01

2 49 16 0 17
 -4.584325e-01 -1.817580e-01 -1.600202e-01 3.289544e-01 -2.138214e-01 -1.222391e-01 1.264303e-01 2.095412e-01 -1.974403e-01 4.056810e-01

2 48 17 0 18
 -1.489601e-01 6.185956e-02 8.646926e-02 4.836738e-01 -7.342620e-02 -7.467460e-02 4.609494e-02 8.649778e-02 8.956119e-02 -1.100578e-02

2 47 18 0 19
 5.645187e-01 1.517380e-02 -7.937407e-03 3.864949e-01 2.060011e-01 -1.388218e-02 -1.023371e-01 -7.866888e-02 1.429901e-02 4.259481e-01

2 46 19 0 20
 4.112068e-01 1.788777e-01 1.298885e-01 2.599753e-01 2.095118e-01 5.014405e-02 -1.128945e-01 -2.543865e-01 1.668805e-01 4.376514e-01

2 45 20 0 21
 1.571179e-01 1.238091e-01 1.963860e-01 -2.965698e-01 5.298660e-02 -1.812785e-01 -4.572777e-02 -9.606840e-02 1.661978e-01 -1.807089e-10

2 44 21 0 22
 1.017282e-01 3.112627e-01 -1.453506e-02 4.601735e-02 -1.212678e-01 -3.463635e-02 -3.113464e-02 -7.015281e-02 -2.845537e-02 -6.408565e-03

2 43 22 0 23
 1.750950e-01 -2.129096e-01 1.584547e-01 2.012538e-01 -7.135098e-02 -1.991624e-01 -6.423194e-02 -1.777959e-01 1.483861e-01 -3.236115e-03

2 42 23 0 24
 -1.745800e-01 -1.457404e-03 -4.758794e-02 5.543218e-01 -6.058149e-02 -9.437480e-03 3.912918e-02 4.848278e-02 -4.256631e-02 5.667455e-01

2 41 24 0 25
 3.218113e-01 -7.901972e-02 1.732933e-02 -4.573163e-03 2.382552e-01 -1.734720e-02 -6.520841e-02 -5.278977e-02 2.230459e-02 -9.742521e-04

2 40 25 0 26
 4.643503e-01 -4.670101e-03 1.780101e-01 3.326508e-01 1.888765e-01 -1.530118e-02 -9.821866e-02 -1.097580e-01 1.694203e-01 -1.182433e-02

2 39 26 0 27
 -1.955074e-02 -4.365805e-01 -1.380631e-02 -2.924403e-02 2.998921e-02 1.945784e-02 4.033641e-03 2.565639e-03 -1.652913e-02 -7.873139e-03

2 38 27 0 28
 -5.992069e-02 9.179222e-02 2.600239e-01 -9.698562e-02 -2.132930e-01 1.281271e-01 4.968971e-03 8.119756e-02 2.536942e-01 1.668927e-04

2 37 28 0 29
 2.245315e-01 -1.686071e-01 1.851515e-01 -1.622306e-01 -2.040950e-01 1.414762e-01 -6.614371e-02 -1.290991e-01 1.834584e-01 -7.957559e-04

2 36 29 0 30
 -2.050481e-01 2.061082e-01 2.116098e-01 6.071527e-02 -1.733132e-01 -6.098336e-02 6.155613e-02 1.766240e-01 2.026098e-01 -4.806798e-01

2 35 30 0 31
 -2.348678e-01 7.995220e-02 -3.033919e-01 -3.131089e-01 1.000837e-01 -9.380740e-02 5.463937e-02 1.356436e-01 -2.703301e-01 -4.878433e-01

2 34 31 0 32
 1.655551e-01 -1.353079e-02 -3.161413e-01 -3.501318e-01 -5.628845e-02 -1.205221e-02 -5.860473e-02 -6.867080e-02 -2.688926e-01 -5.377789e-01

2 33 32 0 33
 1.210035e-01 -7.332826e-02 4.545560e-01 5.499357e-02 -9.233272e-02 -7.600676e-02 -4.024127e-02 -8.607004e-02 4.100628e-01 5.342237e-04

2 32 33 0 34
 -2.098069e-01 9.867554e-02 -3.693806e-01 2.242721e-01 7.790413e-02 1.925982e-01 7.824154e-02 1.112074e-01 -3.303403e-01 4.990992e-01

2 31 34 0 35
 -4.068060e-01 1.241586e-02 -2.335579e-01 -1.737192e-01 1.453678e-01 2.538630e-02 1.101752e-01 1.913611e-01 -2.315254e-01 -3.927607e-03

2 30 35 0 36
 8.981779e-02 -5.983566e-02 2.129067e-01 -1.854856e-01 -1.863829e-01 1.893276e-01 -4.506443e-02 -2.344505e-02 1.716316e-01 -4.932142e-01

2 29 36 0 37
 2.940265e-02 -2.480021e-02 5.028271e-01 2.760399e-02 1.900518e-02 -1.230566e-01 -3.664805e-02 -1.694112e-02 4.593125e-01 -5.186132e-01

2 28 37 0 38
 3.794186e-01 6.242026e-02 -5.290302e-02 -4.271258e-01 -1.436797e-01 3.638297e-02 -9.021568e-02 -1.296820e-01 -5.235283e-02 -5.579553e-01

2 27 38 0 39
 3.751228e-02 -4.823063e-02 -2.736211e-01 -1.469249e-01 1.931522e-01 -1.541928e-01 1.563806e-03 -5.199025e-02 -2.579064e-01 2.182214e-03

2 26 39 0 40
 -1.462575e-01 -8.734833e-02 -2.728750e-01 4.134323e-01 -1.151104e-01 -2.340371e-01 7.313772e-02 7.499325e-02 -2.668866e-01 5.781958e-01

2 25 40 0 41
 2.917089e-01 -2.421506e-01 -4.138906e-01 6.032038e-02 1.390592e-01 6.109815e-02 -6.039654e-02 -1.993231e-01 -3.911932e-01 4.949656e-01

2 24 41 0 42
 4.089255e-02 6.838743e-02 -5.322471e-01 -9.624774e-02 -1.937192e-02 1.305996e-01 1.938914e-02 -5.231068e-03 -5.108697e-01 5.924079e-01

2 23 42 0 43
 -3.588901e-01 -2.056415e-01 7.626630e-02 -3.915377e-01 1.662486e-01 -7.588442e-02 1.048044e-01 2.461924e-01 9.994144e-02 -1.408282e-02

2 22 43 0 44
 3.138598e-01 1.756898e-02 5.150582e-02 4.909972e-03 -6.705419e-02 -6.939391e-02 -8.917873e-02 -1.692279e-01 4.530151e-02 -4.323514e-01

2 21 44 0 45
 1.493358e-03 -2.873662e-02 -2.192207e-01 1.661284e-01 1.996893e-01 1.993380e-01 -9.689121e-03 -2.214051e-02 -2.117207e-01 1.513538e-03

2 20 45 0 46
 -5.308378e-02 -6.816937e-02 -3.791744e-01 -1.785624e-01 -1.573130e-01 1.685470e-01 2.092245e-02 6.297084e-02 -3.502462e-01 1.026824e-03

2 19 46 0 47
 2.754300e-01 -2.298179e-01 -1.394438e-01 2.503510e-01 2.076265e-01 1.390512e-01 -9.285059e-02 -2.544018e-01 -1.549304e-01 -9.319900e-04

2 18 47 0 48
 -3.437330e-01 2.917910e-02 3.956651e-03 6.338891e-03 -2.227840e-01 -8.732681e-03 7.308149e-02 6.675013e-02 5.000983e-03 3.512564e-04

2 17 48 0 49
 2.721530e-01 1.989178e-01 3.002960e-01 -2.059162e-01 5.469575e-02 -2.132561e-01 -9.452648e-02 -1.853811e-01 2.530438e-01 -5.727927e-01

2 16 49 0 50
 1.215481e-01 1.361338e-01 -2.752323e-01 1.991809e-01 -1.459274e-01 -2.047403e-01 -3.785576e-02 -1.440486e-01 -2.600129e-01 -4.750886e-03

2 15 50 0 51
 -2.233505e-01 -2.021296e-01 -2.378184e-01 1.255070e-01 -2.332673e-01 -1.385069e-01 7.569644e-02 1.883433e-01 -2.376455e-01 -4.690222e-03

2 14 51 0 52
 -1.026188e-02 -3.059026e-02 -9.859132e-02 -4.822159e-01 -1.206277e-02 6.690072e-02 -8.379061e-03 1.182994e-02 -9.119300e-02 -6.462985e-04

2 13 52 0 53
 -5.271881e-01 2.185969e-02 3.938951e-02 3.866710e-01 -1.951853e-01 -4.242682e-02 1.194834e-01 1.245858e-01 4.728306e-02 -3.158732e-02

2 12 53 0 54
 -1.034885e-01 1.428532e-02 9.167598e-04 -4.083586e-01 1.633508e-02 3.553275e-02 1.909685e-02 8.148425e-02 1.952804e-02 -5.271058e-01

2 11 54 0 55
 -1.243990e-01 -1.524130e-01 2.987744e-01 -2.586615e-01 1.663880e-01 -2.573517e-01 4.627514e-02 1.151182e-01 2.708834e-01 -4.804025e-01

2 10 55 0 56
 -2.793930e-01 2.541844e-01 2.306491e-01 1.165271e-01 -2.275253e-01 -1.244424e-01 9.053420e-02 2.415156e-01 2.376751e-01 3.885913e-04

2 9 56 0 57
 6.434024e-03 -2.579391e-02 -2.795259e-03 8.272274e-03 1.103238e-01 -6.732990e-03 -3.977214e-03 -1.269611e-02 -1.575814e-03 -3.885108e-03

2 8 57 0 58
 4.221361e-01 -2.063404e-01 -1.008066e-01 3.215690e-01 2.110839e-01 5.712428e-02 -1.159051e-01 -2.621135e-01 -1.320202e-01 4.489770e-01

2 7 58 0 59
 3.475016e-03 5.484912e-03 8.905314e-03 1.178652e-03 -2.116401e-01 -3.338153e-03 7.497693e-04 -6.820315e-04 8.198651e-03 2.350331e-04

2 6 59 0 60
 2.710005e-01 2.446328e-01 -2.901993e-01 -1.262997e-01 -2.184463e-01 1.216814e-01 -8.669451e-02 -2.333858e-01 -2.853000e-01 -1.373537e-02

2 5 60 0 61
 -1.998683e-01 -2.195358e-01 1.361622e-01 -7.805493e-02 2.494533e-01 -1.356346e-01 7.539878e-02 1.903809e-01 1.620804e-01 -1.393412e-03

2 4 61 0 62
 9.522267e-02 -4.670974e-02 1.367960e-02 4.583164e-01 4.204540e-02 -4.420484e-04 -2.239435e-02 -6.826842e-02 4.059322e-03 -5.262619e-03

2 3 62 0 63
 -5.401583e-02 6.619388e-02 2.932975e-01 2.342711e-01 -1.842359e-01 -2.646637e-01 2.542832e-02 5.255960e-02 2.725371e-01 -2.006742e-03

2 2 63 0 64
 -4.440499e-03 1.295712e-02 9.899340e-03 -8.831298e-03 -1.501269e-01 6.562619e-03 1.456123e-03 7.419802e-03 9.752706e-03 -5.462755e-01

2 1 64 0 0
 1.613331e-01 4.101633e-02 -1.871826e-01 4.860036e-01 6.020756e-02 -6.253880e-02 -2.777578e-02 -7.531480e-02 -1.573454e-01 5.740975e-01

3 16 1 0 2
 1.455150e-01 9.094579e-02 -8.681220e-04 -8.608345e-02 -6.584154e-02 -1.882783e-02 -4.322237e-02 -8.384552e-02 -1.321761e-02 -1.832470e-01

3 15 2 0 3
 -7.316784e-03 1.359031e-02 9.493779e-03 1.284414e-01 1.681425e-03 -6.669260e-02 5.130557e-03 -4.388280e-03 5.767947e-03 1.813799e-02

3 14 3 0 4
 1.571924e-01 5.072864e-02 1.077037e-01 2.972695e-02 3.877938e-04 -6.962525e-03 -4.563431e-02 -7.665678e-02 9.722724e-02 -7.828421e-02

3 13 4 0 5
 7.391468e-02 -6.736720e-02 1.052746e-01 2.858814e-03 -4.418213e-02 2.590477e-02 -2.194423e-02 -5.412299e-02 9.301822e-02 1.081830e-01

3 12 5 0 6
 -1.003794e-02 -3.415798e-03 -6.154231e-03 -1.502746e-01 1.290013e-02 -2.569155e-02 6.846540e-04 4.620266e-03 -9.497182e-03 -2.116018e-01

3 11 6 0 7
 -8.155779e-02 1.109627e-03 1.355878e-01 6.482949e-02 3.665472e-03 -2.662122e-02 2.207283e-02 5.343277e-02 1.246116e-01 2.315304e-02

3 10 7 0 8
 2.203453e-01 -2.341531e-02 1.450275e-02 -1.059135e-01 8.798411e-02 -3.879339e-03 -4.888070e-02 -4.742652e-02 1.371183e-02 -2.920091e-02

3 9 8 0 9
 -1.652472e-01 -2.969959e-02 2.997272e-02 -1.599689e-01 4.938744e-03 -4.437104e-02 4.543774e-02 8.189449e-02 3.232373e-02 -8.870777e-02

3 8 9 0 10
 1.426688e-01 -5.680996e-03 4.392034e-03 1.273098e-01 8.830761e-02 -4.363876e-03 -2.994302e-02 -4.118926e-02 8.372057e-03 1.639929e-01

3 7 10 0 11
 -5.303471e-02 -1.770039e-02 1.899166e-01 -2.658878e-02 -3.637669e-03 -2.082318e-02 2.112583e-03 2.672797e-02 1.753564e-01 -2.347002e-01

3 6 11 0 12
 1.271530e-01 1.270379e-01 -8.561099e-02 2.220326e-02 -7.313189e-02 2.879746e-02 -3.832955e-02 -9.503847e-02 -8.521618e-02 2.370271e-02

3 5 12 0 13
 -4.131944e-02 -7.710903e-03 -1.603940e-01 6.386171e-03 -9.475745e-03 6.951638e-02 1.715343e-02 2.483978e-02 -1.424775e-01 1.595694e-01

3 4 13 0 14
 -3.745831e-02 1.446593e-02 -7.885410e-02 -8.972844e-02 1.812838e-02 3.915227e-02 7.372618e-03 2.383531e-02 -7.274999e-02 2.046950e-03

3 3 14 0 15
 -1.287309e-02 2.395384e-03 1.314633e-02 -1.580261e-02 -6.960297e-03 -2.056477e-03 5.209376e-03 1.074570e-02 1.341448e-02 3.678858e-02

3 2 15 0 16
 1.025400e-01 -1.242763e-01 -7.823585e-02 8.654730e-03 7.525061e-02 3.531700e-02 -3.359170e-02 -9.375782e-02 -7.765201e-02 1.659840e-02

3 1 16 0 0
 -8.784900e-02 1.330020e-03 4.739353e-03 8.558808e-02 -7.079593e-03 -2.492540e-02 2.518583e-02 3.860509e-02 7.890283e-03 1.817414e-01

