~o <VecSize> 30 <USER_D_A>
~h "proto"
<BeginHMM>
 <NumStates> 6
 <State> 2
  <Mean> 30
   0 0 0 0 0 0 0 0 0 0
   0 0 0 0 0 0 0 0 0 0
   0 0 0 0 0 0 0 0 0 0
  <Variance> 30
   1 1 1 1 1 1 1 1 1 1
   1 1 1 1 1 1 1 1 1 1
   1 1 1 1 1 1 1 1 1 1
 <State> 3
  <Mean> 30
   0 0 0 0 0 0 0 0 0 0
   0 0 0 0 0 0 0 0 0 0
   0 0 0 0 0 0 0 0 0 0
  <Variance> 30
   1 1 1 1 1 1 1 1 1 1
   1 1 1 1 1 1 1 1 1 1
   1 1 1 1 1 1 1 1 1 1
 <State> 4
  <Mean> 30
   0 0 0 0 0 0 0 0 0 0
   0 0 0 0 0 0 0 0 0 0
   0 0 0 0 0 0 0 0 0 0
  <Variance> 30
   1 1 1 1 1 1 1 1 1 1
   1 1 1 1 1 1 1 1 1 1
   1 1 1 1 1 1 1 1 1 1
 <State> 5
  <Mean> 30
   0 0 0 0 0 0 0 0 0 0
   0 0 0 0 0 0 0 0 0 0
   0 0 0 0 0 0 0 0 0 0
  <Variance> 30
   1 1 1 1 1 1 1 1 1 1
   1 1 1 1 1 1 1 1 1 1
   1 1 1 1 1 1 1 1 1 1
 <TransP> 6
   0.0 0.8 0.2 0.0 0.0 0.0
   0.0 0.6 0.2 0.2 0.0 0.0
   0.0 0.0 0.6 0.2 0.2 0.0
   0.0 0.0 0.0 0.6 0.2 0.2
   0.0 0.0 0.0 0.0 0.7 0.3
   0.0 0.0 0.0 0.0 0.0 0.0
<EndHMM>
