~o <VecSize> 30 <USER_D_A>
~h "proto"
<BeginHMM>
 <NumStates> 12
 <State> 2
  <Mean> 30
   0 0 0 0 0 0 0 0 0 0
   0 0 0 0 0 0 0 0 0 0
   0 0 0 0 0 0 0 0 0 0
  <Variance> 30
   1 1 1 1 1 1 1 1 1 1
   1 1 1 1 1 1 1 1 1 1
   1 1 1 1 1 1 1 1 1 1
 <State> 3
  <Mean> 30
   0 0 0 0 0 0 0 0 0 0
   0 0 0 0 0 0 0 0 0 0
   0 0 0 0 0 0 0 0 0 0
  <Variance> 30
   1 1 1 1 1 1 1 1 1 1
   1 1 1 1 1 1 1 1 1 1
   1 1 1 1 1 1 1 1 1 1
 <State> 4
  <Mean> 30
   0 0 0 0 0 0 0 0 0 0
   0 0 0 0 0 0 0 0 0 0
   0 0 0 0 0 0 0 0 0 0
  <Variance> 30
   1 1 1 1 1 1 1 1 1 1
   1 1 1 1 1 1 1 1 1 1
   1 1 1 1 1 1 1 1 1 1
 <State> 5
  <Mean> 30
   0 0 0 0 0 0 0 0 0 0
   0 0 0 0 0 0 0 0 0 0
   0 0 0 0 0 0 0 0 0 0
  <Variance> 30
   1 1 1 1 1 1 1 1 1 1
   1 1 1 1 1 1 1 1 1 1
   1 1 1 1 1 1 1 1 1 1
 <State> 6
  <Mean> 30
   0 0 0 0 0 0 0 0 0 0
   0 0 0 0 0 0 0 0 0 0
   0 0 0 0 0 0 0 0 0 0
  <Variance> 30
   1 1 1 1 1 1 1 1 1 1
   1 1 1 1 1 1 1 1 1 1
   1 1 1 1 1 1 1 1 1 1
 <State> 7
  <Mean> 30
   0 0 0 0 0 0 0 0 0 0
   0 0 0 0 0 0 0 0 0 0
   0 0 0 0 0 0 0 0 0 0
  <Variance> 30
   1 1 1 1 1 1 1 1 1 1
   1 1 1 1 1 1 1 1 1 1
   1 1 1 1 1 1 1 1 1 1
 <State> 8
  <Mean> 30
   0 0 0 0 0 0 0 0 0 0
   0 0 0 0 0 0 0 0 0 0
   0 0 0 0 0 0 0 0 0 0
  <Variance> 30
   1 1 1 1 1 1 1 1 1 1
   1 1 1 1 1 1 1 1 1 1
   1 1 1 1 1 1 1 1 1 1
 <State> 9
  <Mean> 30
   0 0 0 0 0 0 0 0 0 0
   0 0 0 0 0 0 0 0 0 0
   0 0 0 0 0 0 0 0 0 0
  <Variance> 30
   1 1 1 1 1 1 1 1 1 1
   1 1 1 1 1 1 1 1 1 1
   1 1 1 1 1 1 1 1 1 1
 <State> 10
  <Mean> 30
   0 0 0 0 0 0 0 0 0 0
   0 0 0 0 0 0 0 0 0 0
   0 0 0 0 0 0 0 0 0 0
  <Variance> 30
   1 1 1 1 1 1 1 1 1 1
   1 1 1 1 1 1 1 1 1 1
   1 1 1 1 1 1 1 1 1 1
 <State> 11
  <Mean> 30
   0 0 0 0 0 0 0 0 0 0
   0 0 0 0 0 0 0 0 0 0
   0 0 0 0 0 0 0 0 0 0
  <Variance> 30
   1 1 1 1 1 1 1 1 1 1
   1 1 1 1 1 1 1 1 1 1
   1 1 1 1 1 1 1 1 1 1
 <TransP> 12
   0.0 0.4 0.1 0.0 0.0 0.0 0.4 0.1 0.0 0.0 0.0 0.0
   0.0 0.6 0.2 0.2 0.0 0.0 0.0 0.0 0.0 0.0 0.0 0.0
   0.0 0.0 0.5 0.2 0.2 0.0 0.0 0.0 0.1 0.0 0.0 0.0
   0.0 0.0 0.0 0.5 0.2 0.2 0.0 0.0 0.0 0.1 0.0 0.0
   0.0 0.0 0.0 0.0 0.6 0.2 0.0 0.0 0.0 0.0 0.0 0.2
   0.0 0.0 0.0 0.0 0.0 0.7 0.0 0.0 0.0 0.0 0.0 0.3

   0.0 0.0 0.0 0.0 0.0 0.0 0.6 0.2 0.2 0.0 0.0 0.0
   0.0 0.0 0.0 0.1 0.0 0.0 0.0 0.5 0.2 0.2 0.0 0.0
   0.0 0.0 0.0 0.0 0.1 0.0 0.0 0.0 0.5 0.2 0.2 0.0
   0.0 0.0 0.0 0.0 0.0 0.0 0.0 0.0 0.0 0.6 0.2 0.2
   0.0 0.0 0.0 0.0 0.0 0.0 0.0 0.0 0.0 0.0 0.7 0.3
   0.0 0.0 0.0 0.0 0.0 0.0 0.0 0.0 0.0 0.0 0.0 0.0
<EndHMM>
